138 78 6
139 78 6
139 78 6
140 78 6
140 78 6
140 78 7
140 78 7
139 78 7
139 77 7
139 77 7
138 77 7
138 77 7
138 77 8
138 76 8
138 76 8
139 76 8
139 76 8
139 76 9
139 75 9
139 75 9
138 75 9
138 74 9
138 74 9
138 74 10
138 74 10
139 74 10
139 74 10
139 74 11
139 73 11
139 73 11
138 73 11
138 73 11
138 73 12
138 72 12
138 72 12
139 72 12
139 72 12
139 72 13
139 72 13
140 72 13
140 72 13
140 72 12
140 72 12
140 73 12
140 73 11
140 73 11
140 74 11
141 74 11
141 74 11
141 74 10
141 74 10
141 75 10
140 75 10
140 75 10
140 76 10
140 76 9
140 76 9
140 77 9
140 77 8
140 77 8
141 77 8
141 77 7
141 77 7
141 78 7
141 78 6
141 78 6
142 78 6
142 77 6
142 77 6
142 77 7
142 76 7
142 76 7
142 76 8
141 76 8
141 76 8
141 76 9
141 75 9
141 75 9
142 75 9
142 75 8
142 75 8
142 75 9
142 74 9
142 74 9
143 74 9
143 74 9
144 74 9
144 74 9
145 74 9
145 73 9
145 73 9
145 73 8
145 73 8
145 73 7
145 73 7
144 73 7
144 73 7
144 74 7
143 74 7
143 74 7
143 74 8
143 73 8
143 73 8
144 73 8
144 72 8
144 72 8
144 73 8
145 73 8
146 73 8
146 73 8
146 73 7
146 73 7
146 73 6
146 73 6
146 74 6
145 74 6
145 74 6
145 75 6
144 75 6
144 75 6
144 76 6
143 76 6
143 76 6
143 76 7
143 76 8
143 76 9
143 76 10
143 76 10
142 76 10
142 76 10
142 76 11
142 75 11
142 74 11
142 74 11
142 74 12
142 74 12
141 74 12
141 74 12
141 74 13
141 73 13
141 73 13
141 73 14
141 73 14
142 73 14
142 73 14
142 74 14
142 74 13
142 74 13
142 74 14
143 74 14
143 74 14
142 74 14
141 74 14
140 74 14
140 73 14
140 72 14
140 72 14
139 72 14
139 71 14
139 71 14
138 71 14
138 71 14
138 71 13
138 71 13
138 72 13
139 72 13
140 72 13
140 73 13
141 73 13
141 74 13
142 74 13
142 75 13
142 76 13
142 77 13
142 78 13
142 79 13
142 80 13
143 80 13
143 80 13
143 80 12
143 80 12
143 80 11
143 80 11
144 80 11
144 80 11
144 80 10
144 80 10
145 80 10
145 80 10
146 80 10
146 80 10
146 80 11
146 80 11
146 81 11
146 81 12
146 81 13
146 80 13
146 80 13
146 81 13
145 81 13
144 81 13
144 80 13
144 80 13
144 80 14
144 80 14
144 81 14
145 81 14
145 81 14
146 81 14
